35 40
7 1 1
8 2 4
9 1 3 1 4 2
10 5 3 5
11 3 3 1 5
1 1 2 6 3 1 6
1 2 1 5 3 1 6
1 1 2 1 3 3 6
1 2 2 9
3 1 1 8
4 9 1
5 2 9
5 3 10
8 1 7 1 1
3 4 1 6 2 4
5 3 6 2 7
6 7 1 1 3 9
2 5 1 1 2 10
4 1 1 3 12
4 4 13
1 6 13
1 3 4 3 13
3 7 4 14
1 3 4 3 14
2 3 5 3 14
3 3 4 5 2 14
4 7 6 2 14
4 5 5 14
4 2 21
5 1 23 2
6 21 1
5 1 10 8 2 1
3 1 4 2 2 6 2 1
2 2 1 2 1 1 3 1
1 6 1 1 1 2
1 3 9
3 1 9
1 4 8
2 1 3 3 1 8
3 5 2 1 1 3
4 5 1 2 1 1
5 5 2 2 2 1 1
6 5 2 3 3 1
5 1 7 3 3 2
4 1 5 3 2
5 1 1 2 3 1 1
4 1 6 4 1 1
3 1 1 1 2 4
4 6 1 4 2
3 1 1 3 2 4
2 1 4 2 5
4 4 6 4 1
1 2 1 3 7 5
2 1 4 1 11 1
2 3 1 11
1 1 4 1 1 9 1
1 2 4 1 1 1 6 1
2 1 3 1 6 5
3 1 4 9 3 1 1
5 5 11 4 1
3 6 7 5
6 4 11
6 15
1 1 3 16
6 17
1 3 16 1
1 6 16
1 3 1 15 1
6 16 1
1 3 15 1 1
5 15 1
6 16 1
1 3 1 15 1
5 16
4 14 1 1