0011111110000000000000001000000100000000
0001111111100000000000001100000000001111
0000111111111000010000011100100001111011
0000011111111110000001111100000111011111
0000001111111111100000111000011101011111
1000000100110111111000000001110101111110
0001000011000100111110000111010111111000
0000000000101001100101110111011111100000
0000000000010000011011001111111110000000
0001110000001010000000011111111000000000
0001111000000000000011111111100000000100
0001111100000110001111111110000000000000
0000111110011101111111111000000000000000
0000111111110101111111000010000010000000
1110001111010111111000000110000000001111
1111100111011111100000000110000001111111
1111110011111110000010101110000111111111
0011000111110000001001001100001111111111
0000011110000100000100011100111111111111
0001111000000000000000111101111111111111
0000000010000000000011111101111111111111
0100001110000001111000111001111111111111
0000001110000111111101111011111111111111
0000000100001110111100111011111111111111
0001100000011100111110111011111111111111
0111011100111100111110011011111111111111
1111001111111000111111011011111111111111
1111000111110000011111000011111111111111
1111000011000000001111111111111111111110
1111101000000011111111111111111111111011
1111110000000111111111111111111111000100
1111100000010111111111101111111100110001
1110000000100011110110110111111011001000
1100000011000001011001001001110000100000
1000001111110000100010010000011000000000